1, xyz 1 -0.997986 0.849206 0.229508 1;
2, xyz 2 -0.997986 0.745714 0.229508 1;
3, xyz 3 -0.997986 0.648571 0.229508 1;
4, xyz 4 -0.997986 0.547937 0.229508 1;
5, xyz 5 -0.997986 0.447619 0.229508 1;
6, xyz 6 -0.997986 0.347302 0.229508 1;
7, xyz 7 -0.997986 0.246984 0.229508 1;
8, xyz 8 -0.997986 0.143492 0.229508 1;
9, xyz 9 -0.997986 0.046032 0.229508 1;
10, xyz 10 -0.997986 -0.054286 0.229508 1;
11, xyz 11 -0.997986 -0.157778 0.229508 1;
12, xyz 12 -0.997986 -0.254921 0.229508 1;
13, xyz 13 -0.997986 -0.355238 0.229508 1;
14, xyz 14 -0.997986 -0.459048 0.229508 1;
15, xyz 15 -0.997986 -0.55619 0.229508 1;
16, xyz 16 -0.997986 -0.656508 0.229508 1;
17, xyz 17 -0.997986 -0.76 0.229508 1;
18, xyz 18 -0.997986 -0.857143 0.229508 1;
19, xyz 19 -0.824809 -0.94254 0.229508 1;
20, xyz 20 -0.697543 -0.94254 0.229508 1;
21, xyz 21 -0.570278 -0.94254 0.229508 1;
22, xyz 22 -0.44261 -0.94254 0.229508 1;
23, xyz 23 -0.315344 -0.94254 0.229508 1;
24, xyz 24 -0.184052 -0.94254 0.229508 1;
25, xyz 25 -0.060814 -0.94254 0.229508 1;
26, xyz 26 0.066452 -0.94254 0.229508 1;
27, xyz 27 0.190093 -0.94254 0.229508 1;
28, xyz 28 0.321385 -0.94254 0.229508 1;
29, xyz 29 0.448651 -0.94254 0.229508 1;
30, xyz 30 0.579944 -0.94254 0.229508 1;
31, xyz 31 0.703182 -0.94254 0.229508 1;
32, xyz 32 0.83085 -0.94254 0.229508 1;
33, xyz 33 1 -0.850476 0.229508 1;
34, xyz 34 1 -0.746984 0.229508 1;
35, xyz 35 1 -0.649841 0.229508 1;
36, xyz 36 1 -0.549524 0.229508 1;
37, xyz 37 1 -0.446032 0.229508 1;
38, xyz 38 1 -0.348889 0.229508 1;
39, xyz 39 1 -0.248254 0.229508 1;
40, xyz 40 1 -0.144762 0.229508 1;
41, xyz 41 1 -0.047619 0.229508 1;
42, xyz 42 1 0.052698 0.229508 1;
43, xyz 43 1 0.15619 0.229508 1;
44, xyz 44 1 0.253651 0.229508 1;
45, xyz 45 1 0.353968 0.229508 1;
46, xyz 46 1 0.460635 0.229508 1;
47, xyz 47 1 0.554603 0.229508 1;
48, xyz 48 1 0.654921 0.229508 1;
49, xyz 49 1 0.75873 0.229508 1;
50, xyz 50 1 0.855873 0.229508 1;
51, xyz 51 0.827225 0.940317 0.229508 1;
52, xyz 52 0.69996 0.940317 0.229508 1;
53, xyz 53 0.568667 0.940317 0.229508 1;
54, xyz 54 0.445026 0.940317 0.229508 1;
55, xyz 55 0.317761 0.940317 0.229508 1;
56, xyz 56 0.186468 0.940317 0.229508 1;
57, xyz 57 0.06323 0.940317 0.229508 1;
58, xyz 58 -0.064035 0.940317 0.229508 1;
59, xyz 59 -0.195731 0.940317 0.229508 1;
60, xyz 60 -0.318969 0.940317 0.229508 1;
61, xyz 61 -0.446234 0.940317 0.229508 1;
62, xyz 62 -0.577527 0.940317 0.229508 1;
63, xyz 63 -0.700765 0.940317 0.229508 1;
64, xyz 64 -0.828433 0.940317 0.229508 1;
