1, xyz 1 -0.997986 0.849206 0.229508 1;
2, xyz 2 -0.997986 0.745714 0.229508 1;
3, xyz 3 -0.997986 0.648571 0.229508 1;
4, xyz 4 -0.997986 0.547937 0.229508 1;
5, xyz 5 -0.997986 0.447619 0.229508 1;
6, xyz 6 -0.997986 0.347302 0.229508 1;
7, xyz 7 -0.997986 0.246984 0.229508 1;
8, xyz 8 -0.997986 0.143492 0.229508 1;
9, xyz 9 -0.997986 0.046032 0.229508 1;
10, xyz 10 -0.997986 -0.054286 0.229508 1;
11, xyz 11 -0.997986 -0.157778 0.229508 1;
12, xyz 12 -0.997986 -0.254921 0.229508 1;
13, xyz 13 -0.997986 -0.355238 0.229508 1;
14, xyz 14 -0.997986 -0.459048 0.229508 1;
15, xyz 15 -0.997986 -0.55619 0.229508 1;
16, xyz 16 -0.997986 -0.656508 0.229508 1;
17, xyz 17 -0.997986 -0.76 0.229508 1;
18, xyz 18 -0.997986 -0.857143 0.229508 1;
19, xyz 19 -0.824809 -0.94254 0.229508 1;
20, xyz 20 -0.697543 -0.94254 0.229508 1;
21, xyz 21 -0.570278 -0.94254 0.229508 1;
22, xyz 22 -0.44261 -0.94254 0.229508 1;
23, xyz 23 -0.315344 -0.94254 0.229508 1;
24, xyz 24 -0.184052 -0.94254 0.229508 1;
25, xyz 25 -0.060814 -0.94254 0.229508 1;
26, xyz 26 0.066452 -0.94254 0.229508 1;
27, xyz 27 0.190093 -0.94254 0.229508 1;
28, xyz 28 0.321385 -0.94254 0.229508 1;
29, xyz 29 0.448651 -0.94254 0.229508 1;
30, xyz 30 0.579944 -0.94254 0.229508 1;
31, xyz 31 0.703182 -0.94254 0.229508 1;
32, xyz 32 0.83085 -0.94254 0.229508 1;
33, xyz 33 1 -0.850476 0.229508 1;
34, xyz 34 1 -0.746984 0.229508 1;
35, xyz 35 1 -0.649841 0.229508 1;
36, xyz 36 1 -0.549524 0.229508 1;
37, xyz 37 1 -0.446032 0.229508 1;
38, xyz 38 1 -0.348889 0.229508 1;
39, xyz 39 1 -0.248254 0.229508 1;
40, xyz 40 1 -0.144762 0.229508 1;
41, xyz 41 1 -0.047619 0.229508 1;
42, xyz 42 1 0.052698 0.229508 1;
43, xyz 43 1 0.15619 0.229508 1;
44, xyz 44 1 0.253651 0.229508 1;
45, xyz 45 1 0.353968 0.229508 1;
46, xyz 46 1 0.460635 0.229508 1;
47, xyz 47 1 0.554603 0.229508 1;
48, xyz 48 1 0.654921 0.229508 1;
49, xyz 49 1 0.75873 0.229508 1;
50, xyz 50 1 0.855873 0.229508 1;
51, xyz 51 0.827225 0.940317 0.229508 1;
52, xyz 52 0.69996 0.940317 0.229508 1;
53, xyz 53 0.568667 0.940317 0.229508 1;
54, xyz 54 0.445026 0.940317 0.229508 1;
55, xyz 55 0.317761 0.940317 0.229508 1;
56, xyz 56 0.186468 0.940317 0.229508 1;
57, xyz 57 0.06323 0.940317 0.229508 1;
58, xyz 58 -0.064035 0.940317 0.229508 1;
59, xyz 59 -0.195731 0.940317 0.229508 1;
60, xyz 60 -0.318969 0.940317 0.229508 1;
61, xyz 61 -0.446234 0.940317 0.229508 1;
62, xyz 62 -0.577527 0.940317 0.229508 1;
63, xyz 63 -0.700765 0.940317 0.229508 1;
64, xyz 64 -0.828433 0.940317 0.229508 1;
65, xyz 65 -0.9706 0.794286 0.47541 1;
66, xyz 66 -0.9706 0.481905 0.47541 1;
67, xyz 67 -0.9706 0.159683 0.47541 1;
68, xyz 68 -0.9706 -0.162222 0.47541 1;
69, xyz 69 -0.9706 -0.487619 0.47541 1;
70, xyz 70 -0.9706 -0.8 0.47541 1;
71, xyz 71 -0.613774 -0.926349 0.47541 1;
72, xyz 72 -0.209424 -0.926349 0.47541 1;
73, xyz 73 0.211438 -0.926349 0.47541 1;
74, xyz 74 0.607733 -0.926349 0.47541 1;
75, xyz 75 0.972211 -0.8 0.47541 1;
76, xyz 76 0.972211 -0.490794 0.47541 1;
77, xyz 77 0.972211 -0.159048 0.47541 1;
78, xyz 78 0.972211 0.156508 0.47541 1;
79, xyz 79 0.972211 0.475556 0.47541 1;
80, xyz 80 0.972211 0.794286 0.47541 1;
81, xyz 81 0.619815 0.92381 0.47541 1;
82, xyz 82 0.20741 0.92381 0.47541 1;
83, xyz 83 -0.201369 0.92381 0.47541 1;
84, xyz 84 -0.605719 0.92381 0.47541 1;
85, xyz 85 -0.980266 0.64127 0.729508 1;
86, xyz 86 -0.980266 0.307619 0.729508 1;
87, xyz 87 -0.980266 -0.000635 0.729508 1;
88, xyz 88 -0.980266 -0.31873 0.729508 1;
89, xyz 89 -0.980266 -0.636508 0.729508 1;
90, xyz 90 -0.841321 -0.926349 0.729508 1;
91, xyz 91 -0.421667 -0.926349 0.729508 1;
92, xyz 92 -0.030608 -0.926349 0.729508 1;
93, xyz 93 0.372533 -0.926349 0.729508 1;
94, xyz 94 0.775675 -0.926349 0.729508 1;
95, xyz 95 0.972211 -0.639683 0.729508 1;
96, xyz 96 0.972211 -0.309206 0.729508 1;
97, xyz 97 0.972211 -0.000635 0.729508 1;
98, xyz 98 0.972211 0.317143 0.729508 1;
99, xyz 99 0.972211 0.634921 0.729508 1;
100, xyz 100 0.820781 0.921905 0.729508 1;
101, xyz 101 0.421667 0.921905 0.729508 1;
102, xyz 102 0.002416 0.921905 0.729508 1;
103, xyz 103 -0.400725 0.921905 0.729508 1;
104, xyz 104 -0.804269 0.921905 0.729508 1;
105, xyz 105 -0.531615 0.724127 1 1;
106, xyz 106 -0.144986 0.724127 1 1;
107, xyz 107 0.144986 0.724127 1 1;
108, xyz 108 0.531615 0.724127 1 1;
109, xyz 109 -0.531615 0.361905 1 1;
110, xyz 110 -0.144986 0.361905 1 1;
111, xyz 111 0.144986 0.361905 1 1;
112, xyz 112 0.531615 0.361905 1 1;
113, xyz 113 -0.531615 -0.00127 1 1;
114, xyz 114 -0.144986 -0.00127 1 1;
115, xyz 115 0.144986 -0.00127 1 1;
116, xyz 116 0.531615 -0.00127 1 1;
117, xyz 117 -0.531615 -0.361905 1 1;
118, xyz 118 -0.144986 -0.361905 1 1;
119, xyz 119 0.144986 -0.361905 1 1;
120, xyz 120 0.531615 -0.361905 1 1;
121, xyz 121 -0.531615 -0.726349 1 1;
122, xyz 122 -0.144986 -0.726349 1 1;
123, xyz 123 0.144986 -0.726349 1 1;
124, xyz 124 0.531615 -0.726349 1 1;
125, xyz 125 -0.998792 -0.511111 0.087432 1;
126, xyz 126 -0.998792 0.6 0.087432 1;
127, xyz 127 -0.378574 -0.936508 0.087432 1;
128, xyz 128 -0.378574 0.936508 0.087432 1;
129, xyz 129 0.507451 -0.936508 0.087432 1;
130, xyz 130 0.507451 0.936508 0.087432 1;
131, xyz 131 0.998792 -0.511111 0.087432 1;
132, xyz 132 0.998792 0.6 0.087432 1;
133, xyz 133 -0.998792 0 0.087432 1;
134, xyz 134 0.998792 0 0.087432 1;
