1, xyz 1 -0.9706 0.794286 0.47541 1;
2, xyz 2 -0.9706 0.481905 0.47541 1;
3, xyz 3 -0.9706 0.159683 0.47541 1;
4, xyz 4 -0.9706 -0.162222 0.47541 1;
5, xyz 5 -0.9706 -0.487619 0.47541 1;
6, xyz 6 -0.9706 -0.8 0.47541 1;
7, xyz 7 -0.613774 -0.926349 0.47541 1;
8, xyz 8 -0.209424 -0.926349 0.47541 1;
9, xyz 9 0.211438 -0.926349 0.47541 1;
10, xyz 10 0.607733 -0.926349 0.47541 1;
11, xyz 11 0.972211 -0.8 0.47541 1;
12, xyz 12 0.972211 -0.490794 0.47541 1;
13, xyz 13 0.972211 -0.159048 0.47541 1;
14, xyz 14 0.972211 0.156508 0.47541 1;
15, xyz 15 0.972211 0.475556 0.47541 1;
16, xyz 16 0.972211 0.794286 0.47541 1;
17, xyz 17 0.619815 0.92381 0.47541 1;
18, xyz 18 0.20741 0.92381 0.47541 1;
19, xyz 19 -0.201369 0.92381 0.47541 1;
20, xyz 20 -0.605719 0.92381 0.47541 1;
21, xyz 21 -0.980266 0.64127 0.729508 1;
22, xyz 22 -0.980266 0.307619 0.729508 1;
23, xyz 23 -0.980266 -0.000635 0.729508 1;
24, xyz 24 -0.980266 -0.31873 0.729508 1;
25, xyz 25 -0.980266 -0.636508 0.729508 1;
26, xyz 26 -0.841321 -0.926349 0.729508 1;
27, xyz 27 -0.421667 -0.926349 0.729508 1;
28, xyz 28 -0.030608 -0.926349 0.729508 1;
29, xyz 29 0.372533 -0.926349 0.729508 1;
30, xyz 30 0.775675 -0.926349 0.729508 1;
31, xyz 31 0.972211 -0.639683 0.729508 1;
32, xyz 32 0.972211 -0.309206 0.729508 1;
33, xyz 33 0.972211 -0.000635 0.729508 1;
34, xyz 34 0.972211 0.317143 0.729508 1;
35, xyz 35 0.972211 0.634921 0.729508 1;
36, xyz 36 0.820781 0.921905 0.729508 1;
37, xyz 37 0.421667 0.921905 0.729508 1;
38, xyz 38 0.002416 0.921905 0.729508 1;
39, xyz 39 -0.400725 0.921905 0.729508 1;
40, xyz 40 -0.804269 0.921905 0.729508 1;
41, xyz 41 -0.531615 0.724127 1 1;
42, xyz 42 -0.144986 0.724127 1 1;
43, xyz 43 0.144986 0.724127 1 1;
44, xyz 44 0.531615 0.724127 1 1;
45, xyz 45 -0.531615 0.361905 1 1;
46, xyz 46 -0.144986 0.361905 1 1;
47, xyz 47 0.144986 0.361905 1 1;
48, xyz 48 0.531615 0.361905 1 1;
49, xyz 49 -0.531615 -0.00127 1 1;
50, xyz 50 -0.144986 -0.00127 1 1;
51, xyz 51 0.144986 -0.00127 1 1;
52, xyz 52 0.531615 -0.00127 1 1;
53, xyz 53 -0.531615 -0.361905 1 1;
54, xyz 54 -0.144986 -0.361905 1 1;
55, xyz 55 0.144986 -0.361905 1 1;
56, xyz 56 0.531615 -0.361905 1 1;
57, xyz 57 -0.531615 -0.726349 1 1;
58, xyz 58 -0.144986 -0.726349 1 1;
59, xyz 59 0.144986 -0.726349 1 1;
60, xyz 60 0.531615 -0.726349 1 1;
61, xyz 61 -0.998792 -0.511111 0.087432 1;
62, xyz 62 -0.998792 0.6 0.087432 1;
63, xyz 63 -0.378574 -0.936508 0.087432 1;
64, xyz 64 -0.378574 0.936508 0.087432 1;
