1, aed 1 320 0 0.833333 1;
2, aed 2 40 0 0.833333 1;
3, aed 3 70 0 0.666667 1;
4, aed 4 105 0 0.666667 1;
5, aed 5 135 0 0.833333 1;
6, aed 6 225 0 0.833333 1;
7, aed 7 255 0 0.666667 1;
8, aed 8 290 0 0.666667 1;
9, aed 9 0 30 0.833333 1;
10, aed 10 55 30 0.916667 1;
11, aed 11 90 30 0.833333 1;
12, aed 12 120 30 0.916667 1;
13, aed 13 180 30 0.833333 1;
14, aed 14 240 30 0.916667 1;
15, aed 15 270 30 0.833333 1;
16, aed 16 305 30 0.916667 1;
17, aed 17 45 0 1 1;
18, aed 18 135 0 1 1;
19, aed 19 335 50 1 1;
20, aed 20 300 50 0.5 1;
21, aed 21 240 50 0.5 1;
22, aed 22 205 50 1 1;
23, aed 23 25 50 1 1;
24, aed 24 60 50 0.5 1;
25, aed 25 120 50 0.5 1;
26, aed 26 155 50 1 1;
