1, aed 1 239.451 24.2798 0.793763 1;
2, aed 2 269.06 27.6424 0.7035 1;
3, aed 3 304.761 23.2833 0.825722 1;
4, aed 4 327 23.7157 0.811513 1;
5, aed 5 0.658872 27.644 0.703463 1;
6, aed 6 37.184 22.6513 0.847498 1;
7, aed 7 72.6982 26.5696 0.729715 1;
8, aed 8 89.0604 27.6424 0.7035 1;
9, aed 9 114.137 25.548 0.756817 1;
10, aed 10 151.875 24.7947 0.77829 1;
11, aed 11 179.341 27.644 0.703463 1;
12, aed 12 208.125 24.7947 0.77829 1;
13, aed 13 237.409 40.1154 0.967082 1;
14, aed 14 269.06 44.9961 0.881283 1;
15, aed 15 303.253 39.9044 0.971336 1;
16, aed 16 323.237 38.6987 0.996633 1;
17, aed 17 0.98539 44.9958 0.881289 1;
18, aed 18 37.184 38.5443 1 1;
19, aed 19 57.6294 40.1845 0.965701 1;
20, aed 20 90 45 0.881224 1;
21, aed 21 124.122 39.6196 0.977154 1;
22, aed 22 148.172 40.3524 0.962366 1;
23, aed 23 181.976 44.983 0.881486 1;
24, aed 24 212.301 40.2062 0.965268 1;
