1, aed 1 329.459 24.2899 0.79366 1;
2, aed 2 0 27.6545 0.703399 1;
3, aed 3 34.7606 23.2913 0.825672 1;
4, aed 4 57.0164 23.7277 0.811342 1;
5, aed 5 90.6875 27.6528 0.703437 1;
6, aed 6 127.198 22.6552 0.847584 1;
7, aed 7 162.672 26.5751 0.729767 1;
8, aed 8 179.083 27.6515 0.703468 1;
9, aed 9 204.132 25.5573 0.756757 1;
10, aed 10 241.853 24.7985 0.778383 1;
11, aed 11 269.312 27.6528 0.703437 1;
12, aed 12 298.147 24.7985 0.778383 1;
13, aed 13 327.421 40.1193 0.966891 1;
14, aed 14 359.083 44.9963 0.881173 1;
15, aed 15 33.2649 39.9005 0.971296 1;
16, aed 16 53.2403 38.7 0.996486 1;
17, aed 17 90.9739 44.9959 0.881185 1;
18, aed 18 127.198 38.5389 1 1;
19, aed 19 147.625 40.1832 0.965608 1;
20, aed 20 180 45 0.881117 1;
21, aed 21 214.137 39.6144 0.977147 1;
22, aed 22 238.16 40.3486 0.962324 1;
23, aed 23 272.005 44.9825 0.881391 1;
24, aed 24 302.293 40.2088 0.965103 1;
