1, aed 1 326.998 1.70049 0.746103 1;
2, aed 2 36.8365 1.66383 0.762539 1;
3, aed 3 48.7874 2.62677 0.80517 1;
4, aed 4 116.051 3.13611 0.674502 1;
5, aed 5 144.332 0.560278 0.754729 1;
6, aed 6 208.664 -10.971 0.736799 1;
7, aed 7 246.106 0.638931 0.661825 1;
8, aed 8 284.01 0.678029 0.623662 1;
9, aed 9 0 26.9027 0.701348 1;
10, aed 10 59.4033 36.3366 0.909233 1;
11, aed 11 91.7378 41.4702 0.813533 1;
12, aed 12 129.039 36.8411 0.898512 1;
13, aed 13 176.499 40.828 0.824035 1;
14, aed 14 232.053 35.4547 0.928778 1;
15, aed 15 268.817 42.0765 0.803952 1;
16, aed 16 303.484 38.2672 0.917552 1;
17, aed 17 31.7989 -39.3605 0.965862 1;
18, aed 18 218.778 -37.7739 1 1;
19, aed 19 330.971 50.6447 0.811284 1;
20, aed 20 302.503 65.8734 0.687352 1;
21, aed 21 228.287 62.3422 0.708233 1;
22, aed 22 204.983 47.6883 0.848294 1;
23, aed 23 153.632 47.1873 0.855133 1;
24, aed 24 130.678 61.5186 0.713683 1;
25, aed 25 59.1693 64.3979 0.695604 1;
26, aed 26 30.0171 50.5635 0.812229 1;
